i
ii
iii
iv
v
vi
vii
viii
1
2
3
4
17
22
57
64
74
75
76
77
78
79
80
81
82
83
84
90
91
97
123
124
125
127
128
130
131
133
134
135
136
137
138
141
144
146
151
153
154
159
162
167
169
170
171
173
177
178
179
180
181
182
183
184
185
186
187
188
189
190
191
192
193
196
197
200
201
203
207
210
211
212
215
217
221
224
225
226
227
228
229
230
232
234
251
252
253
263
264
267
280
290
291
292
293
294
295
296
297
298
299
300
301
321
338
342
343
344
345
347
348
349
351
352
353
354
355
356
380
383
385
386
387
388
390
391
403
405
410
415
416
430
439
443
444
445
446
447
448
449
450
451
452
